n in semented graph: 9
A:
0	0	0	0.50	0	0	0	0	0.50	
0	0	0	0	0.50	0.50	0	0	0	
0	0	0	0	0	0	0.50	0.50	0	
0.80	0	0	0	0.20	0	0	0	0	
0	0.80	0	0.20	0	0	0	0	0	
0	0.80	0	0	0	0	0.20	0	0	
0	0	0.80	0	0	0.20	0	0	0	
0	0	0.80	0	0	0	0	0	0.20	
0.80	0	0	0	0	0	0	0.20	0	

H:
1.00	0	0	-0.50	0	0	0	0	-0.50	
0	0	0	0	-0.50	-0.50	0	0	0	
0	0	1.00	0	0	0	-0.50	-0.50	0	
-0.80	0	0	1.00	-0.20	0	0	0	0	
0	-0.80	0	-0.20	1.00	0	0	0	0	
0	-0.80	0	0	0	1.00	-0.20	0	0	
0	0	-0.80	0	0	-0.20	1.00	0	0	
0	0	-0.80	0	0	0	0	1.00	-0.20	
-0.80	0	0	0	0	0	0	-0.20	1.00	
Herm Inner Prod : 2.000000
A:
1.00	0	0	-0.50	0	0	0	0	-0.50	
0	0	0	0	-0.50	-0.50	0	0	0	
0	0	1.00	0	0	0	-0.50	-0.50	0	
-0.80	0	0	1.00	-0.20	0	0	0	0	
0	-0.80	0	-0.20	1.00	0	0	0	0	
0	-0.80	0	0	0	1.00	-0.20	0	0	
0	0	-0.80	0	0	-0.20	1.00	0	0	
0	0	-0.80	0	0	0	0	1.00	-0.20	
-0.80	0	0	0	0	0	0	-0.20	1.00	
B:
1.00	0	0	-0.50	0	0	0	0	-0.50	
0	0	0	0	-0.50	-0.50	0	0	0	
0	0	1.00	0	0	0	-0.50	-0.50	0	
-0.80	0	0	1.00	-0.20	0	0	0	0	
0	-0.80	0	-0.20	1.00	0	0	0	0	
0	-0.80	0	0	0	1.00	-0.20	0	0	
0	0	-0.80	0	0	-0.20	1.00	0	0	
0	0	-0.80	0	0	0	0	1.00	-0.20	
-0.80	0	0	0	0	0	0	-0.20	1.00	
C:
1.00	0	0	-0.80	0	0	0	0	-0.80	
0	0	0	0	-0.80	-0.80	0	0	0	
0	0	1.00	0	0	0	-0.80	-0.80	0	
-0.50	0	0	1.00	-0.20	0	0	0	0	
0	-0.50	0	-0.20	1.00	0	0	0	0	
0	-0.50	0	0	0	1.00	-0.20	0	0	
0	0	-0.50	0	0	-0.20	1.00	0	0	
0	0	-0.50	0	0	0	0	1.00	-0.20	
-0.50	0	0	0	0	0	0	-0.20	1.00	
A:
R: 0
C: 0
V: 1.000000
C:
R: 0
C: 0
V: 1.000000
A:
R: 1
C: 1
V: 0.000000
C:
R: 1
C: 1
V: 0.000000
A:
R: 2
C: 2
V: 1.000000
C:
R: 2
C: 2
V: 1.000000
A:
R: 3
C: 3
V: 1.000000
C:
R: 3
C: 3
V: 1.000000
A:
R: 4
C: 4
V: 1.000000
C:
R: 4
C: 4
V: 1.000000
A:
R: 5
C: 5
V: 1.000000
C:
R: 5
C: 5
V: 1.000000
A:
R: 6
C: 6
V: 1.000000
C:
R: 6
C: 6
V: 1.000000
A:
R: 7
C: 7
V: 1.000000
C:
R: 7
C: 7
V: 1.000000
A:
R: 8
C: 8
V: 1.000000
C:
R: 8
C: 8
V: 1.000000
A:
R: 0
C: 3
V: -0.500000
C:
R: 3
C: 0
V: -0.500000
A:
R: 3
C: 4
V: -0.200000
C:
R: 4
C: 3
V: -0.200000
A:
R: 4
C: 3
V: -0.200000
C:
R: 3
C: 4
V: -0.200000
A:
R: 4
C: 1
V: -0.800000
C:
R: 1
C: 4
V: -0.800000
A:
R: 1
C: 4
V: -0.500000
C:
R: 4
C: 1
V: -0.500000
A:
R: 3
C: 0
V: -0.800000
C:
R: 0
C: 3
V: -0.800000
A:
R: 1
C: 5
V: -0.500000
C:
R: 5
C: 1
V: -0.500000
A:
R: 5
C: 6
V: -0.200000
C:
R: 6
C: 5
V: -0.200000
A:
R: 6
C: 5
V: -0.200000
C:
R: 5
C: 6
V: -0.200000
A:
R: 6
C: 2
V: -0.800000
C:
R: 2
C: 6
V: -0.800000
A:
R: 2
C: 6
V: -0.500000
C:
R: 6
C: 2
V: -0.500000
A:
R: 5
C: 1
V: -0.800000
C:
R: 1
C: 5
V: -0.800000
A:
R: 2
C: 7
V: -0.500000
C:
R: 7
C: 2
V: -0.500000
A:
R: 7
C: 8
V: -0.200000
C:
R: 8
C: 7
V: -0.200000
A:
R: 8
C: 7
V: -0.200000
C:
R: 7
C: 8
V: -0.200000
A:
R: 8
C: 0
V: -0.800000
C:
R: 0
C: 8
V: -0.800000
A:
R: 0
C: 8
V: -0.500000
C:
R: 8
C: 0
V: -0.500000
A:
R: 7
C: 2
V: -0.800000
C:
R: 2
C: 7
V: -0.800000
